00
00
00
00
00
54
37
00
00
00
00
00
00
b5
f1
00
00
01
00
00
00
c5
f1
00
00
02
00
00
00
dc
f7
00
00
04
00
00
00
e7
fb
00
00
08
00
00
00
c7
f4
00
00
10
00
00
00
c2
fb
00
00
20
00
00
00
db
fb
00
00
40
00
00
00
d3
fb
00
00
80
00
00
00
f4
fe
00
00
00
00
00
00
e8
fd
00
00
00
00
00
00
b8
f8
00
00
00
00
00
00
c7
f4
00
00
00
00
00
00
cc
f5
00
00
00
00
00
00
ba
f5
00
00
00
00
00
00
c7
f2
00
00
00
00
00
00
c7
f3
00
00
00
00
00
00
bb
ef
00
00
00
00
00
00
bf
f2
00
00
00
00
00
00
d3
f5
00
00
00
00
00
00
ba
ec
00
00
00
00
00
00
ae
e9
00
00
00
00
00
00
be
f1
00
00
00
00
00
00
bc
f2
00
00
00
00
00
00
be
f4
00
00
00
00
00
00
b8
f7
00
00
00
00
00
00
c2
f4
00
00
00
00
00
00
c4
f1
00
00
00
00
00
00
b9
f6
00
00
00
00
00
00
ba
f4
00
00
00
00
00
00
c5
f8
00
00
00
00
00
00
c6
f8
00
00
00
00
00
00
c6
f7
00
00
00
00
00
00
cc
f6
00
00
01
00
00
00
c9
f9
00
00
03
00
00
00
d4
f7
00
00
07
00
00
00
c8
f5
00
00
0f
00
00
00
c5
f9
00
00
1f
00
00
00
bc
ef
00
00
3f
00
00
00
b8
f2
00
00
7f
00
00
00
c2
f8
00
00
ff
00
00
00
c0
f4
00
00
ff
00
00
00
c8
f7
00
00
ff
00
00
00
bb
f3
00
00
ff
00
00
00
bd
f6
00
00
ff
00
00
00
c4
f6
00
00
ff
00
00
00
be
f8
00
00
ff
00
00
00
cf
f2
00
00
ff
00
00
00
cb
f4
00
00
ff
00
00
00
c2
f9
00
00
ff
00
00
00
c6
f6
00
00
ff
00
00
00
bd
f7
00
00
ff
00
00
00
c3
f5
00
00
ff
00
00
00
c2
ed
00
00
ff
00
00
00
b9
e4
00
00
ff
00
00
00
b1
e7
00
00
ff
00
00
00
b0
f2
00
00
ff
00
00
00
bb
f1
00
00
ff
00
00
00
bb
e6
00
00
ff
00
00
00
c0
f0
00
00
ff
00
00
00
bf
ef
00
00
ff
00
00
00
a8
ee
00
00
ff
00
00
00
ae
e7
00
00
ff
00
00
00
c1
ed
00
00
ff
00
00
00
a8
e8
00
00
ff
04
fc
00
00
00
00
00
00
00
00
00
00
00
00
00
00
00
00
00
00
00
00
00
00
00
00
00
00
