00
fc
00
00
00
b7
e5
00
00
00
00
00
00
c3
f7
00
00
01
00
00
00
c4
f5
00
00
02
00
00
00
ec
fd
00
00
04
00
00
00
ee
fe
00
00
08
00
00
00
e1
fc
00
00
10
00
00
00
d8
fe
00
00
20
00
00
00
ea
fb
00
00
40
00
00
00
e4
fd
00
00
80
00
00
00
f7
f9
00
00
00
00
00
00
fa
ff
00
00
00
00
00
00
db
f4
00
00
00
00
00
00
d4
fa
00
00
00
00
00
00
c8
f9
00
00
00
00
00
00
c4
f6
00
00
00
00
00
00
c8
f2
00
00
00
00
00
00
d3
f3
00
00
00
00
00
00
d3
f5
00
00
00
00
00
00
c9
f9
00
00
00
00
00
00
df
fa
00
00
00
00
00
00
cf
f6
00
00
00
00
00
00
c0
f0
00
00
00
00
00
00
cb
ed
00
00
00
00
00
00
c8
f8
00
00
00
00
00
00
c1
f9
00
00
00
00
00
00
c4
fd
00
00
00
00
00
00
ce
f6
00
00
00
00
00
00
cc
f3
00
00
00
00
00
00
d0
f4
00
00
00
00
00
00
c8
f0
00
00
00
00
00
00
cd
f4
00
00
00
00
00
00
cb
f7
00
00
00
00
00
00
c7
fc
00
00
00
00
00
00
de
fa
00
00
01
00
00
00
df
f7
00
00
03
00
00
00
d5
f5
00
00
07
00
00
00
db
fb
00
00
0f
00
00
00
cc
fb
00
00
1f
00
00
00
d7
fa
00
00
3f
00
00
00
d6
f8
00
00
7f
00
00
00
ce
fc
00
00
ff
00
00
00
d2
fa
00
00
ff
00
00
00
d2
f9
00
00
ff
00
00
00
c8
f7
00
00
ff
00
00
00
c5
f6
00
00
ff
00
00
00
c9
f8
00
00
ff
00
00
00
d2
fd
00
00
ff
00
00
00
d2
f7
00
00
ff
00
00
00
d1
f7
00
00
ff
00
00
00
d8
fa
00
00
ff
00
00
00
d6
fc
00
00
ff
00
00
00
ca
f1
00
00
ff
00
00
00
c2
f5
00
00
ff
00
00
00
cd
f7
00
00
ff
00
00
00
cc
f9
00
00
ff
00
00
00
ca
f7
00
00
ff
00
00
00
c5
f3
00
00
ff
00
00
00
ca
f8
00
00
ff
00
00
00
c1
ef
00
00
ff
00
00
00
cb
f7
00
00
ff
00
00
00
cf
f8
00
00
ff
00
00
00
c2
f1
00
00
ff
00
00
00
be
f0
00
00
ff
00
00
00
d3
f6
00
00
ff
00
00
00
c1
f4
00
00
ff
04
fc
00
00
00
00
00
00
00
00
00
00
00
00
00
00
00
00
00
00
00
00
00
00
00
00
00
00
